48.7
48.7
48.2
48.2
48.2
48.2
48.2
47.8
48.7
48.2
48
48
49.2
52.8
52.8
52.5
52.3
52.5
52.1
52.1
52.5
52.5
52.8
53
53.2
54
54.4
54.9
55.4
55.6
56.8
56.6
56.8
57.1
57.3
57.8
58
58
58
57.5
56.8
57.3
56.6
55.6
55.2
54.4
53.5
54
54.7
54.2
53.5
53.2
51.6
53
52.5
52.8
52.3
52.5
52.8
54.2
54.9
54.9
55.2
54.4
57.5
58.7
77.8
90
80.7
76.4
73.8
71.4
68.7
67.1
66.1
64.2
63.3
62.1
61.6
61.1
60.4
59.4
59
58.5
57.3
57.1
56.6
56.6
57.3
56.3
55.9
55.4
54.4
54.9
54.7
54.4
55.2
55.6
55.9
55.9
55.2
55.4
55.4
54.9
55.9
93.8
85.2
79.7
75.7
73
